1.0 0.407903 0.202786 0.031619 0.038004
1.0 0.322082 0.201705 0.026454 0.034659
1.0 0.688335 0.320525 0.051374 0.068644
1.0 0.805682 0.349889 0.06638 0.12286
1.0 0.781761 0.259134 0.045429 0.067028
1.0 0.046851 0.457045 0.093446 0.17208
1.0 0.735089 0.363791 0.059764 0.101994
1.0 0.440452 0.214617 0.039245 0.05632
1.0 0.202007 0.432109 0.067264 0.121536
1.0 0.671206 0.268922 0.042752 0.062072
1.0 0.296296 0.313507 0.082073 0.132037
1.0 0.12229 0.404243 0.075061 0.118691
1.0 0.860969 0.398389 0.104543 0.174907
1.0 0.446723 0.433509 0.134226 0.210483
